0
0
0
0
0
0
0
0
0
0
0
0
0
0
0
0
0
0
0
0
0
0
0
0
0
2.8493
11.2166
22.891
28.1993
40.1103
27.2133
4.8271
50.9281
171.5135
191.2382
63.8237
240.5646
268.6871
290.2652
307.1175
327.677
342.051
347.3023
371.454
374.1477
382.591
390.064
394.8814
400.654
413.3269
395.2031
400.3653
397.7222
394.1879
396.3752
390.2403
372.2462
392.7516
370.9292
344.3718
366.8542
323.7547
316.8587
342.0037
287.1863
258.7387
139.1293
184.412
101.3045
109.3637
58.3933
61.6412
69.0125
61.5026
37.7865
17.9683
6.3136
0.6426
0
0
0
0
0
0
0
0
0
0
0
0
0
0
0
0
0
0
