159.05952
159.755895
160.45227
161.148645
161.84502
162.476325
163.10763
163.738935
164.37024
164.162475
163.95471
163.746945
163.53918
160.15077
156.76236
153.37395
149.98554
148.195845
146.40615
144.616455
142.82676
142.65828
142.4898
142.32132
142.15284
150.22476
158.29668
166.3686
174.44052
177.744285
181.04805
184.351815
187.65558
187.514775
187.37397
187.233165
187.09236
181.726515
176.36067
170.994825
165.62898
165.511125
165.39327
165.275415
165.15756
166.5149738
167.8723875
169.2298013
170.587215
171.1796063
171.7719975
172.3643888
172.95678
174.985875
177.01497
179.044065
181.07316
180.64737
180.22158
179.79579
179.37
180.005355
180.64071
181.276065
181.91142
181.93752
181.96362
181.98972
182.01582
182.06406
182.1123
182.16054
182.20878
182.537415
182.86605
183.194685
183.52332
183.317085
183.11085
182.904615
182.69838
184.070055
185.44173
186.813405
188.18508
189.34614
190.5072
191.66826
192.82932
192.56922
192.30912
192.04902
191.78892
191.78892
191.78892
191.78892
